frame,global_time,section_id,section_time,type,val
122,7.101761500001885,1,1.9960892000235617,space,-999
180,8.06796590005979,1,2.962287599919364,space,-999
1,8.117483900045045,2,0.016610100050456822,frame,100
1,9.317502700025216,3,0.01666369999293238,frame,100
73,10.515975899994373,3,1.2151413999963552,frame,100
145,11.716069499962032,3,2.415235499967821,frame,100
217,12.916065500001423,3,3.615231500007212,frame,100
289,14.116068699979223,3,4.815234399982728,frame,100
361,15.317518700030632,3,6.016679699998349,frame,100
433,16.517640399979427,3,7.216802199953236,frame,100
505,17.71610459999647,3,8.415270500001498,frame,100
577,18.917642100015655,3,9.616803899989463,frame,100
649,20.117663000011817,3,10.816824599984102,frame,100
721,21.3175391999539,3,12.016700099920854,frame,100
793,22.517633500043303,3,13.216794800013304,frame,100
1,23.717638900037855,4,0.016688500065356493,frame,110
19,24.01592839998193,4,0.3149802000261843,frame,3
37,24.316172900027595,4,0.6152270999737084,frame,6
55,24.61596029996872,4,0.9150123000144958,frame,12
73,24.915916900034063,4,1.214968999964185,frame,107
91,25.216136100003496,4,1.515190500067547,frame,9
109,25.51614800002426,4,1.815202399971895,frame,11
127,25.815960100037046,4,2.1150124999694526,frame,1
145,26.115959299961105,4,2.415011400007643,frame,108
163,26.416144200018607,4,2.7151978000765666,frame,12
181,26.71615480002947,4,3.0152089999755844,frame,7
199,27.01597079995554,4,3.315023300005123,frame,9
217,27.315988200018182,4,3.6150402000639588,frame,110
235,27.616157899959944,4,3.9152121000224724,frame,3
253,27.916151799960062,4,4.215206100023352,frame,6
271,28.216166600002907,4,4.515220200060867,frame,11
289,28.515944299986586,4,4.814996700035408,frame,101
307,28.816162000061013,4,5.115216200007126,frame,8
325,29.11616530001629,4,5.4152188000734895,frame,10
343,29.417825900018215,4,5.716876600054093,frame,3
361,29.71785490005277,4,6.016905699972995,frame,106
379,30.016182100051083,4,6.31523589999415,frame,12
397,30.317626900039613,4,6.616676300065592,frame,7
415,30.617663400014862,4,6.916713000042364,frame,9
433,30.917678000056185,4,7.216727299964987,frame,110
451,31.217633599997498,4,7.516682800021954,frame,3
469,31.517752300016582,4,7.816802300047129,frame,6
487,31.81770759995561,4,8.116757999989204,frame,12
505,32.11774909996893,4,8.416798999998719,frame,107
523,32.41597219998948,4,8.715024500037543,frame,9
541,32.71619239996653,4,9.015247100032866,frame,10
559,33.017660600016825,4,9.31670980004128,frame,3
577,33.317652800004,4,9.616701900027692,frame,106
595,33.61768580006901,4,9.916735299979337,frame,11
613,33.916202099993825,4,10.215256300056353,frame,1
631,34.217646899982356,4,10.516696100006811,frame,8
649,34.517661200021394,4,10.81671040004585,frame,110
667,34.81773220002651,4,11.116781900054775,frame,3
685,35.117752799997106,4,11.41680250002537,frame,6
703,35.41772809997201,4,11.716777900001034,frame,5
721,35.71774049999658,4,12.016790200024843,frame,104
739,36.0177119000582,4,12.316761799971573,frame,2
757,36.315803900011815,4,12.614853500039317,frame,12
775,36.63256649998948,4,12.931615900015458,frame,7
793,36.969509099959396,4,13.268558499985375,frame,109
811,37.26784009998664,4,13.566890400019474,frame,11
829,37.656103200046346,4,13.955154299968854,frame,1
847,38.08437090006191,4,14.383420399972238,frame,8
865,38.38447729998734,4,14.683527200017124,frame,110
883,38.684384100022726,4,14.983433400047943,frame,3
901,38.98453390004579,4,15.283584699966013,frame,6
919,39.28282560000662,4,15.581878300057724,frame,5
937,39.584323700051755,4,15.883372800075449,frame,104
955,39.88438960001804,4,16.183438900043257,frame,2
973,40.184544799965806,4,16.4835951999994,frame,10
991,40.48457780003082,4,16.783628300065175,frame,3
1009,40.7825879000593,4,17.08163859997876,frame,106
1027,41.08447620004881,4,17.383526499965228,frame,5
1045,41.38448430004064,4,17.683534200070426,frame,4
1063,41.684435600065626,4,17.983485399978235,frame,2
1081,41.984472000040114,4,18.2835219000699,frame,111
1099,42.282940400065854,4,18.581994300009683,frame,1
1117,42.582948600058444,4,18.882002199999988,frame,8
1135,42.88439110002946,4,19.183440200053155,frame,10
1153,43.18456219998188,4,19.483611300005578,frame,103
1171,43.48443489999045,4,19.783484300016426,frame,6
1189,43.78441870003007,4,20.083468100056052,frame,11
1207,44.08433960005641,4,20.383388999965973,frame,1
1225,44.38429379998706,4,20.68334320001304,frame,108
1243,44.68295489996672,4,20.982008900027722,frame,10
1261,44.98294919996988,4,21.282003100030124,frame,3
1279,45.282764000003226,4,21.581816300051287,frame,6
1297,45.584303400013596,4,21.883352900040336,frame,105
1315,45.884421700029634,4,22.18347090005409,frame,4
1333,46.183009700034745,4,22.482063599978574,frame,2
1351,46.48277380003128,4,22.78182580007706,frame,11
1369,46.78446120000444,4,23.083510300028138,frame,101
1387,47.08436660002917,4,23.383415900054388,frame,8
1405,47.38444399996661,4,23.683493299991824,frame,12
1423,47.68444360001013,4,23.98349270003382,frame,7
1441,47.98448940005619,4,24.283538699964993,frame,109
1459,48.284451200044714,4,24.58350050006993,frame,10
1477,48.584413600037806,4,24.88346280006226,frame,3
1495,48.88447329995688,4,25.18352269998286,frame,6
1513,49.184586200048216,4,25.483636300079525,frame,111
1531,49.48302879999392,4,25.782083000056446,frame,1
1549,49.78302560001612,4,26.08207950007636,frame,8
1567,50.08302330004517,4,26.38207739999052,frame,5
1585,50.382861500023864,4,26.681913700071163,frame,104
1603,50.6830393000273,4,26.98209309997037,frame,2
1621,50.98303390003275,4,27.28208839998115,frame,12
1639,51.28281430003699,4,27.581866499967873,frame,7
1657,51.58434080006555,4,27.88339019997511,frame,109
1675,51.88298510003369,4,28.18203889997676,frame,11
1693,52.182996300049126,4,28.482050599996,frame,1
1711,52.48452960001305,4,28.783578900038265,frame,8
1729,52.78268569998909,4,29.081736400024965,frame,112
1747,53.08310260006692,4,29.382156900013797,frame,7
1765,53.383017700049095,4,29.682071699993685,frame,9
1783,53.68446809996385,4,29.983517199987546,frame,5
1801,53.98449179995805,4,30.28354119998403,frame,104
1819,54.283006399986334,4,30.582060000044294,frame,2
1837,54.58296559995506,4,30.882020300021395,frame,11
1855,54.882895500049926,4,31.181947399978526,frame,1
1873,55.18268159998115,4,31.481732600019313,frame,108
1891,55.48301329999231,4,31.782067600055598,frame,12
1909,55.788095899973996,4,32.0871486000251,frame,7
1927,56.08698220003862,4,32.386031300062314,frame,9
1945,56.384374500019476,4,32.68342360004317,frame,110
1963,56.684493500040844,4,32.98354290006682,frame,3
1981,56.984496999997646,4,33.28354630002286,frame,6
1999,57.28454100003,4,33.58359070005827,frame,12
2017,57.584597300039604,4,33.88364730007015,frame,107
2035,57.88465859997086,4,34.183709000004455,frame,9
2053,58.18307799997274,4,34.48213220003527,frame,5
2071,58.482854400062934,4,34.78190629999153,frame,4
2089,58.78293400001712,4,35.08198660006747,frame,102
2107,59.083092499990016,4,35.382146800053306,frame,11
2125,59.38450040004682,4,35.68354950007051,frame,1
2143,59.684518499998376,4,35.98356780002359,frame,8
2161,59.984347700024955,4,36.28339700005017,frame,110
2179,60.284671899979,4,36.58372270001564,frame,3
2197,60.583070300053805,4,36.88212409999687,frame,6
2215,60.88450839999132,4,37.18355740001425,frame,11
2233,61.184540300047956,4,37.483589700073935,frame,101
2251,61.48451750003733,4,37.78356650006026,frame,8
2269,61.7843894000398,4,38.083439200068824,frame,12
2287,62.08277470001485,4,38.3818260000553,frame,7
2305,62.3827750000637,4,38.68182619998697,frame,109
2323,62.6831040000543,4,38.982158400001936,frame,5
2341,62.98454119998496,4,39.283590400009416,frame,4
2359,63.28452250000555,4,39.58357200003229,frame,2
2377,63.58455949998461,4,39.883608900010586,frame,110
2395,63.88453499996103,4,40.18358419998549,frame,3
2413,64.18288290000055,4,40.48193640005775,frame,6
2431,64.48304850002751,4,40.78210279997438,frame,12
2449,64.78290630003903,4,41.0819587999722,frame,107
2467,65.08312870003283,4,41.38218329998199,frame,9
2485,65.38307670003269,4,41.68213099997956,frame,10
2503,65.68454960000236,4,41.98359890002757,frame,3
2521,65.98456340003759,4,42.283612800063565,frame,106
2539,66.28461950004566,4,42.583669700077735,frame,11
2557,66.58464789995924,4,42.88369779998902,frame,1
2575,66.88290910003707,4,43.18196139996871,frame,8
2593,67.18298180005513,4,43.482033999986015,frame,110
2611,67.48467430006713,4,43.78372429998126,frame,3
2629,67.78316660004202,4,44.08222109999042,frame,6
2647,68.08291230001487,4,44.381964400061406,frame,5
2665,68.38451240002178,4,44.68356190004852,frame,104
2683,68.68307030003052,4,44.982124499976635,frame,2
2701,68.98456400004216,4,45.28361330006737,frame,10
2719,69.2845736000454,4,45.5836227000691,frame,3
2737,69.58462950005196,4,45.88367920008022,frame,106
2755,69.88311439997051,4,46.18216890003532,frame,12
2773,70.1831177000422,4,46.48217149998527,frame,7
2791,70.48292720003519,4,46.781979399966076,frame,9
2809,70.78294219996314,4,47.08199430000968,frame,110
2827,71.08317140000872,4,47.38222550007049,frame,3
2845,71.38458690000698,4,47.683636000030674,frame,6
2863,71.68459509999957,4,47.983644200023264,frame,5
2881,71.98453030001838,4,48.28357980004512,frame,104
2899,72.28457420004997,4,48.58362340007443,frame,2
2917,72.58462310000323,4,48.883672500029206,frame,10
2935,72.88463099999353,4,49.18368030001875,frame,3
2953,73.18459980003536,4,49.48364940006286,frame,106
2971,73.48458980000578,4,49.783639100030996,frame,5
2989,73.78462140006013,4,50.08367089997046,frame,4
3007,74.08483419998083,4,50.383885200018995,frame,2
3025,74.38306849997025,4,50.68212220002897,frame,110
3043,74.68318479997106,4,50.982238800032064,frame,3
3061,74.98318820004351,4,51.282242299988866,frame,6
3079,75.28463360003661,4,51.58368280006107,frame,12
3097,75.58469399996102,4,51.88374359998852,frame,107
3115,75.88466009998228,4,52.18370980001055,frame,9
3133,76.1847015999956,4,52.48375130002387,frame,5
3151,76.48466289998032,4,52.78371250000782,frame,4
3169,76.78477070003282,4,53.08382000005804,frame,102
3187,77.0846312000649,4,53.38368049997371,frame,11
3205,77.38462240004446,4,53.68367150006816,frame,1
3223,77.6846050999593,4,53.983654299983755,frame,8
3241,77.98463439999614,4,54.283683600020595,frame,112
3259,78.28463150002062,4,54.58368070004508,frame,7
3277,78.58465590002015,4,54.88370530004613,frame,9
3295,78.88463570002932,4,55.18368490005378,frame,10
3313,79.18462249997538,4,55.48367180000059,frame,103
3331,79.4831251000287,4,55.782179299974814,frame,6
3349,79.78312689997256,4,56.08218130003661,frame,5
3367,80.08299590006936,4,56.38204810000025,frame,4
3385,80.38305229996331,4,56.68210470001213,frame,102
3403,80.68322150001768,4,56.9822761999676,frame,12
3421,80.98320769995917,4,57.28226160001941,frame,7
3439,81.28298909997102,4,57.58204140001908,frame,9
3457,81.58467919996474,4,57.883728399989195,frame,111
3475,81.88466580002569,4,58.183715100050904,frame,1
3493,82.18466260004789,4,58.48371230007615,frame,8
3511,82.48468400002457,4,58.78373350005131,frame,12
3529,82.78468050004449,4,59.083729800069705,frame,107
3547,83.0846845000051,4,59.383733900031075,frame,9
3565,83.38471040001605,4,59.68376000004355,frame,11
3583,83.68468289996963,4,59.98373259999789,frame,1
3601,83.98467499995604,4,60.28372519998811,frame,108
3619,84.28485970001202,4,60.58390890003648,frame,10
3637,84.5845765999984,4,60.88362600002438,frame,3
3655,84.88302629999816,4,61.182078600046225,frame,6
3673,85.183032299974,4,61.482084700022824,frame,105
3691,85.48326110001653,4,61.78231510007754,frame,4
3709,85.78325840004254,4,62.08231279999018,frame,2
3727,86.08302979997825,4,62.38208210002631,frame,11
3745,86.38470549997874,4,62.68375460000243,frame,101
3763,86.68473360000644,4,62.98378340003546,frame,8
3781,86.9847194000613,4,63.28376899997238,frame,5
3799,87.28471869998612,4,63.58376830001362,frame,4
3817,87.58464640006423,4,63.88369619997684,frame,102
3835,87.88470309996046,4,64.1837525999872,frame,11
3853,88.18475849996321,4,64.48380819999147,frame,1
3871,88.48472680000123,4,64.78377660003025,frame,8
3889,88.78476690000389,4,65.08381660003215,frame,110
3907,89.08475729997735,4,65.38380690000486,frame,3
3925,89.38477260002401,4,65.68382220005151,frame,6
3943,89.6847394000506,4,65.9837890000781,frame,11
3961,89.98476839996874,4,66.28381799999624,frame,101
3979,90.28475350001827,4,66.58380310004577,frame,8
3997,90.58481649996247,4,66.88386609998997,frame,10
4015,90.88303090003319,4,67.18208290007897,frame,3
4033,91.18303479999304,4,67.48208660003729,frame,106
4051,91.48472319997381,4,67.78377239999827,frame,12
4069,91.78473309997935,4,68.08378270000685,frame,7
4087,92.08475849998649,4,68.383808100014,frame,9
4105,92.38477010000497,4,68.68381950003095,frame,105
4123,92.68323740002234,4,68.98229169996921,frame,4
4141,92.98326260002796,4,69.28231649997178,frame,2
4159,93.28307280002628,4,69.58212480007205,frame,10
4177,93.58310130005702,4,69.88215309998486,frame,103
4195,93.884787100018,4,70.1838367000455,frame,6
4213,94.18478070001584,4,70.48383050004486,frame,12
4231,94.48479989997577,4,70.78384950000327,frame,7
4249,94.7848057000665,4,71.08385539997835,frame,109
4267,95.08477980003227,4,71.383829300059,frame,5
4285,95.38479879999068,4,71.68384870002046,frame,4
4303,95.68480000004638,4,71.98384960007388,frame,2
4321,95.98482160002459,4,72.28387120005209,frame,112
4339,96.28479199996218,4,72.58384159998968,frame,7
4357,96.58479700004682,4,72.88384670007508,frame,9
4375,96.88481900002807,4,73.18386870005634,frame,10
4393,97.18478750006761,4,73.48383739998098,frame,103
4411,97.48481369996443,4,73.78386329999194,frame,6
4429,97.78481780004222,4,74.08386740006972,frame,12
4447,98.08480960002635,4,74.38385930005461,frame,7
4465,98.384799499996,4,74.68384940002579,frame,109
4483,98.68480930000078,4,74.98385870002676,frame,11
4501,98.9848129999591,4,75.28386269998737,frame,1
4519,99.28481650003232,4,75.58386600005906,frame,8
4537,99.5848589000525,4,75.88390850008,frame,110
4555,99.88483330002055,4,76.18388290004805,frame,3
4573,100.18482690001838,4,76.48387660004664,frame,6
4591,100.48299950000364,4,76.78204880002886,frame,12
4609,100.78338040004019,4,77.08243449998554,frame,107
4627,101.08337390003726,4,77.38242859998718,frame,9
4645,101.38334479997866,4,77.68239910004195,frame,10
4663,101.68313060002401,4,77.98218290007208,frame,3
4681,101.9831533000106,4,78.28220520005561,frame,106
4699,102.28478410001844,4,78.58383340004366,frame,5
4717,102.58481659996323,4,78.88386599998921,frame,4
4735,102.88475409999955,4,79.18380350002553,frame,2
4753,103.1848108000122,4,79.48386020003818,frame,110
4771,103.48479320004117,4,79.78384260006715,frame,3
4789,103.7847974000033,4,80.08384670002852,frame,6
4807,104.08484270004556,4,80.3838922000723,frame,12
4825,104.38481419999152,4,80.68386390001979,frame,107
4843,104.68480489996728,4,80.98385409999173,frame,9
4861,104.98484359995928,4,81.28389309998602,frame,10
4879,105.28479890001472,4,81.58384810003918,frame,3
4897,105.58472829998937,4,81.88377750001382,frame,106
4915,105.88488430005964,4,82.18393409997225,frame,12
4933,106.18490180000663,4,82.48395140003413,frame,7
4951,106.48490909999236,4,82.78395880002063,frame,9
4969,106.78484009997919,4,83.08388920000289,frame,111
4987,107.08483109995723,4,83.38388029998168,frame,1
5005,107.3850968000479,4,83.68414789997041,frame,8
5023,107.68317319999915,4,83.9822255000472,frame,5
5041,107.98318700003438,4,84.2822390999645,frame,104
5059,108.28340249997564,4,84.58245640003588,frame,2
5077,108.58341710001696,4,84.88247090007644,frame,12
5095,108.88317809998989,4,85.18223020003643,frame,7
5113,109.18324000004213,4,85.48229229997378,frame,109
5131,109.48341159999836,4,85.78246560005937,frame,11
5149,109.7834017999703,4,86.08246289996896,frame,1
5167,110.08324319997337,4,86.38229560002219,frame,8
5185,110.38483690004796,4,86.68388600007165,frame,105
5203,110.68484360002913,4,86.98389310005587,frame,4
5221,110.98485770006664,4,87.28390699997544,frame,2
5239,111.28486779995728,4,87.58391719998326,frame,10
5257,111.58498649997637,4,87.88403670000844,frame,103
5275,111.8849682,4,88.18401810002979,frame,6
5293,112.18497219996061,4,88.48402219999116,frame,12
5311,112.48484140005894,4,88.78389039996546,frame,7
5329,112.78300429997034,4,89.08207150001545,frame,109
5347,113.08500670001376,4,89.38405710004736,frame,5
5365,113.3830380999716,4,89.68208890000824,frame,4
5383,113.68318819999695,4,89.98224050004501,frame,2
5401,113.9831409000326,4,90.2821923000738,frame,110
5419,114.28484770003706,4,90.58389710006304,frame,3
5437,114.58484560006764,4,90.88389459997416,frame,6
5455,114.88481770001817,4,91.18386710004415,frame,11
5473,115.18487350002397,4,91.48392300005071,frame,101
5491,115.48492499999702,4,91.78397480002604,frame,8
5509,115.78491619997658,4,92.08396620000713,frame,10
5527,116.08495749998838,4,92.38400750001892,frame,3
5545,116.384941300028,4,92.68399070005398,frame,106
5563,116.68486030003987,4,92.98390950006433,frame,11
5581,116.98339559999295,4,93.28244970005471,frame,1
5599,117.2832043999806,4,93.58225650002714,frame,8
5617,117.58337060001213,4,93.88242440007161,frame,112
5635,117.8834099000087,4,94.18246430007275,frame,7
5653,118.18340109998826,4,94.48245540005155,frame,9
5671,118.48341360001359,4,94.78246750007384,frame,10
5689,118.78488539997488,4,95.08393500000238,frame,103
5707,119.08483880001586,4,95.38388840004336,frame,6
5725,119.38328059995547,4,95.68233430001419,frame,5
5743,119.68323219998274,4,95.98228490003385,frame,4
5761,119.98325749998912,4,96.28231010003947,frame,102
5779,120.28340910002589,4,96.58246359997429,frame,12
5797,120.58487350004725,4,96.88392320007551,frame,7
5815,120.88491480005905,4,97.18396419996861,frame,9
5833,121.18491249997169,4,97.48396209999919,frame,105
5851,121.48491120000836,4,97.78396060003433,frame,4
5869,121.78491090005264,4,98.08396020007785,frame,2
5887,122.08488440001383,4,98.38393380003981,frame,12
5905,122.38489460002165,4,98.68394400004763,frame,107
5923,122.68492020003032,4,98.98396950005554,frame,9
5941,122.98494340002071,4,99.28399310004897,frame,5
5959,123.28493650001474,4,99.58398610004224,frame,4
5977,123.58497379999608,4,99.88402350002434,frame,102
5995,123.88348850002512,4,100.18254299997352,frame,11
6013,124.18345650006086,4,100.48251030000392,frame,1
6031,124.48504399997182,4,100.78409440000542,frame,8
6049,124.7850837999722,4,101.08413430000655,frame,110
6067,125.0849647000432,4,101.38401390006766,frame,3
6085,125.38492049998604,4,101.6839697000105,frame,6
6103,125.68497599998955,4,101.98402560001705,frame,5
6121,125.98496100003831,4,102.28401070006657,frame,104
6139,126.28491310006939,4,102.58396259997971,frame,2
6157,126.58496949996334,4,102.8840191999916,frame,11
6175,126.88496519997716,4,103.18401480000466,frame,1
6193,127.18491509999149,4,103.48396480001975,frame,108
6211,127.48351709998678,4,103.78260679997038,frame,5
6229,127.78346950002015,4,104.0825231000781,frame,4
6247,128.0832972000353,4,104.38234929996543,frame,2
6265,128.3832922000438,4,104.68234449997544,frame,111
6283,128.68346159998327,4,104.98251600004733,frame,1
6301,128.98495229997206,4,105.2840017999988,frame,8
6319,129.28496780002024,4,105.58401720004622,frame,10
6337,129.58494410000276,4,105.88399330002721,frame,103
6355,129.88498600001913,4,106.18403570004739,frame,6
6373,130.18500399996992,4,106.48405389999971,frame,11
6391,130.4847550999839,4,106.78380430000834,frame,1
6409,130.78477739996742,4,107.08382659999188,frame,108
6427,131.08349970006384,4,107.38255450001452,frame,12
6445,131.38368580001406,4,107.68273970007431,frame,7
6463,131.6849561999552,4,107.98400549998041,frame,9
6481,131.9849689999828,4,108.28401820000727,frame,111
6499,132.28507990005892,4,108.58414320007432,frame,1
6517,132.58496040001046,4,108.88400980003644,frame,8
6535,132.88332460005768,4,109.1823766999878,frame,5
6553,133.1833270000061,4,109.48237910005264,frame,104
6571,133.48504359996878,4,109.78409359999932,frame,2
6589,133.78501660004258,4,110.08406650007237,frame,11
6607,134.08321279997472,4,110.38226380001288,frame,1
6625,134.38518440001644,4,110.68423520005308,frame,108
6643,134.68515460006893,4,110.98420549998991,frame,5
6661,134.98502540006302,4,111.28407489997335,frame,4
6679,135.2850105999969,4,111.58406040002592,frame,2
6697,135.58502969995607,4,111.88407949998509,frame,111
6715,135.8850426999852,4,112.18409240001347,frame,1
6733,136.18508059997112,4,112.48413060000166,frame,8
6751,136.4850882999599,4,112.7841383999912,frame,10
6769,136.7853211000329,4,113.08437070006039,frame,103
6787,137.08502590004355,4,113.38407560007181,frame,6
6805,137.38508400006685,4,113.68413379997946,frame,12
6823,137.68506250006612,4,113.98411249998026,frame,7
6841,137.98508999997284,4,114.28414020000491,frame,109
6859,138.2850847999798,4,114.5841347000096,frame,10
6877,138.58509139996022,4,114.88414129999,frame,3
6895,138.8850797000341,4,115.1841296000639,frame,6
6913,139.18511980003677,4,115.48416970006656,frame,111
6931,139.48508500005119,4,115.78413509996608,frame,1
6949,139.78507490002085,4,116.08412480005063,frame,8
6967,140.08510989998467,4,116.38416000001598,frame,10
6985,140.38511100003961,4,116.68416110007092,frame,103
7003,140.68510690005496,4,116.98415679996833,frame,6
7021,140.98510190006346,4,117.28415189997759,frame,12
7039,141.2850102999946,4,117.5840594000183,frame,7
7057,141.58502999995835,4,117.88407929998357,frame,109
7075,141.88510019995738,4,118.1841499999864,frame,10
7093,142.18509649997577,4,118.48414620000403,frame,3
7111,142.48519290005788,4,118.78424349997658,frame,6
7129,142.78522930003237,4,119.08427990006749,frame,112
7147,143.08325869997498,4,119.38230970001314,frame,7
7165,143.38522060005926,4,119.68427099997643,frame,9
7183,143.68520930001978,4,119.98426020005718,frame,5
7201,143.98525110003538,4,120.28430190007202,frame,104
7219,144.2851966000162,4,120.58424720005132,frame,2
7237,144.58358119998593,4,120.88263600005303,frame,10
7255,144.88356810004916,4,121.18262199999299,frame,3
7273,145.18515160004608,4,121.48420080007054,frame,106
7291,145.483725600061,4,121.78278000000864,frame,5
7309,145.78358339995611,4,122.08263730001636,frame,4
7327,146.08339919999707,4,122.38245140004437,frame,2
7345,146.383549900027,4,122.68260339996777,frame,111
7363,146.6835780000547,4,122.98263199999928,frame,1
7381,146.98356189997867,4,123.28261600004043,frame,8
7399,147.2836291999556,4,123.58268310001586,frame,12
7417,147.58341580000706,4,123.88246820005588,frame,107
7435,147.88359250000212,4,124.18264690006617,frame,9
7453,148.183701400063,4,124.48275540000759,frame,11
7471,148.48506940004881,4,124.78411860007327,frame,1
7489,148.78505269996822,4,125.08410189999267,frame,108
7507,149.08513500005938,4,125.38418489997275,frame,10
7525,149.38515980006196,4,125.68420999997761,frame,3
7543,149.68516440002713,4,125.98421470005997,frame,6
7561,149.98342920001596,4,126.2824813000625,frame,111
7579,150.28358509996906,4,126.5826390000293,frame,1
7597,150.5836315000197,4,126.88268530007917,frame,8
7615,150.88343070005067,4,127.18248259997927,frame,10
7633,151.18507989996579,4,127.48412929999176,frame,103
7651,151.48510869999882,4,127.7841581000248,frame,6
7669,151.7851568000624,4,128.08420649997424,frame,12
7687,152.08527549996506,4,128.38432599999942,frame,7
7705,152.38346699997783,4,128.68251910002436,frame,109
7723,152.68368759995792,4,128.98274180002045,frame,11
7741,152.98362810001709,4,129.2826821000781,frame,1
7759,153.28345660003833,4,129.5825082999654,frame,8
7777,153.58359429996926,4,129.88264750002418,frame,112
7795,153.88363870000467,4,130.1826926000649,frame,7
7813,154.18362080003135,4,130.4826743999729,frame,9
7831,154.48509029997513,4,130.78413939999882,frame,5
7849,154.78511090006214,4,131.08415999996942,frame,104
7867,155.08506630000193,4,131.3841160000302,frame,2
7885,155.38520350004546,4,131.68425320007373,frame,11
7903,155.68515140004456,4,131.98420130007435,frame,1
7921,155.9852187000215,4,132.28426870005205,frame,108
7939,156.28518750006333,4,132.5842373999767,frame,10
7957,156.58521910000127,4,132.88426910003182,frame,3
7975,156.88525439996738,4,133.18430480000097,frame,6
7993,157.18526269996073,4,133.48431319999509,frame,111
8011,157.48527259996627,4,133.78432299999986,frame,1
8029,157.7852592000272,4,134.08430940005928,frame,8
8047,158.08529079996515,4,134.38434140000027,frame,10
8065,158.3852700999705,4,134.6843205000041,frame,103
8083,158.68526229995769,4,134.98431249998976,frame,6
8101,158.9852694000583,4,135.28431969997473,frame,12
8119,159.2852682999801,4,135.58431870001368,frame,7
8137,159.5852898999583,4,135.8843399999896,frame,109
8155,159.88527369999792,4,136.18432390003,frame,10
8173,160.18366910004988,4,136.48272259999067,frame,3
8191,160.4836970999604,4,136.7827514000237,frame,6
8209,160.78350500005763,4,137.08255729998928,frame,105
8227,161.0837422000477,4,137.38279639999382,frame,4
8245,161.38368540001102,4,137.68273960007355,frame,2
8263,161.68365110002924,4,137.98270459997002,frame,11
8281,161.98356029996648,4,138.28261230001226,frame,101
8299,162.28367639996577,4,138.58273030002601,frame,8
8317,162.5837043999927,4,138.88275860005524,frame,12
8335,162.8837204000447,4,139.18277439998928,frame,7
8353,163.18350919999648,4,139.48256140004378,frame,109
8371,163.48369100003038,4,139.78274499997497,frame,11
8389,163.78369870001916,4,140.08275329996832,frame,1
8407,164.08375109999906,4,140.38280540006235,frame,8
8425,164.3851929999655,4,140.68424219998997,frame,105
8443,164.68514700001106,4,140.9841962000355,frame,4
8461,164.9836970999604,4,141.28275130002294,frame,2
8479,165.28370150004048,4,141.58275509998202,frame,10
8497,165.58375530003104,4,141.8828090999741,frame,103
8515,165.88371119997464,4,142.1827653000364,frame,6
8533,166.18370950000826,4,142.48276300006546,frame,12
8551,166.4837178000016,4,142.7827716000611,frame,7
8569,166.78372449998278,4,143.08277830004226,frame,109
8587,167.0837601000676,4,143.38281410001218,frame,5
8605,167.38372110005002,4,143.68277509999461,frame,4
8623,167.68516260001343,4,143.98421190003864,frame,2
8641,167.98517750005703,4,144.2842265999643,frame,111
8659,168.2852547999937,4,144.58430460002273,frame,1
8677,168.5852369000204,4,144.88428660004865,frame,8
8695,168.88525429996662,4,145.18430399999488,frame,5
8713,169.18526309996378,4,145.4843128999928,frame,104
8731,169.48521309997886,4,145.78426270000637,frame,2
8749,169.78517270006705,4,146.08422249997966,frame,10
8767,170.08528180001304,4,146.3843315000413,frame,3
8785,170.38528549997136,4,146.68433519999962,frame,106
8803,170.6852540000109,4,146.98430370003916,frame,5
8821,170.9834067999618,4,147.2824576999992,frame,4
8839,171.28375199995935,4,147.58280570001807,frame,2
8857,171.58358189999126,4,147.88263440004084,frame,110
8875,171.88520590006374,4,148.18425499997102,frame,3
8893,172.1852253000252,4,148.4842749000527,frame,6
8911,172.48522410006262,4,148.78427329997066,frame,11
8929,172.7833980000578,4,149.0824469999643,frame,101
8947,173.08522590005305,4,149.38427569996566,frame,8
8965,173.3896280999761,4,149.68867730000056,frame,5
8983,173.6851937000174,4,149.98424290004186,frame,4
9001,173.98377719998825,4,150.28283140005078,frame,102
9019,174.2836910999613,4,150.58274520002306,frame,12
9037,174.58378039998934,4,150.8828348000534,frame,7
9055,174.88376340002287,4,151.1828172999667,frame,9
9073,175.18373439996503,4,151.48278810002375,frame,110
9091,175.4837383000413,4,151.78279259998817,frame,3
9109,175.78378409997094,4,152.08283830003347,frame,6
9127,176.08377889997791,4,152.38283280003816,frame,5
9145,176.38380099995993,4,152.68285550002474,frame,104
9163,176.6837352999719,4,152.98278880002908,frame,2
9181,176.9837441999698,4,153.28279830003157,frame,10
9199,177.2837783000432,4,153.58283229998779,frame,3
9217,177.583803000045,4,153.8828577999957,frame,106
9235,177.88379650004208,4,154.18285079998896,frame,5
9253,178.18372610001825,4,154.48278059996665,frame,4
9271,178.48525490006432,4,154.7843039999716,frame,2
9289,178.78525810001884,4,155.08430720004253,frame,112
9307,179.08530280005652,4,155.3843523999676,frame,7
9325,179.3853426000569,4,155.68439249997027,frame,9
9343,179.68535689997952,4,155.9844068000093,frame,11
9361,179.98535079997964,4,156.28440110001247,frame,101
9379,180.28349509998225,4,156.58254540001508,frame,8
9397,180.5852961000055,4,156.88434540003072,frame,5
9415,180.88374610000756,4,157.18279970006552,frame,4
9433,181.18379330006428,4,157.48284710000735,frame,102
9451,181.48382800002582,4,157.78288239997346,frame,10
9469,181.78381729999091,4,158.0828711000504,frame,3
9487,182.083882200066,4,158.3829367000144,frame,6
9505,182.38383840001188,4,158.6828926000744,frame,105
9523,182.68384820001666,4,158.98290990001988,frame,4
9541,182.9838339999551,4,159.2828880000161,frame,2
9559,183.2838267000625,4,159.58288130001165,frame,10
9577,183.58386680006515,4,159.8829209000105,frame,103
9595,183.88382710004225,4,160.18288079998456,frame,6
9613,184.18533410003874,4,160.48438350006472,frame,12
9631,184.48533339996357,4,160.78438309999183,frame,7
9649,184.7836704000365,4,161.082723599975,frame,109
9667,185.0838483000407,4,161.38290259998757,frame,11
9685,185.38546140003018,4,161.684511700063,frame,1
9703,185.685473700054,4,161.9845239999704,frame,8
9721,185.98553780000657,4,162.2845886000432,frame,112
9739,186.28385610005353,4,162.58290999999736,frame,7
9757,186.58384199999273,4,162.88289590005297,frame,9
9775,186.8838491999777,4,163.18290330003947,frame,5
9793,187.18532010004856,4,163.4843691000715,frame,104
9811,187.485391800059,4,163.78444169997238,frame,2
9829,187.78540399996564,4,164.08445399999619,frame,12
9847,188.0854395000497,4,164.38448950008024,frame,7
9865,188.38367170002311,4,164.6827239000704,frame,109
9883,188.68534319999162,4,164.98439250001684,frame,5
9901,188.9853984999936,4,165.28444820002187,frame,4
9919,189.285373599967,4,165.58442349999677,frame,2
9937,189.58538920001592,4,165.88443900004495,frame,111
9955,189.88540410005953,4,166.18445369997062,frame,1
9973,190.18539780005813,4,166.48444749996997,frame,8
9991,190.48538850003388,4,166.78443810006138,frame,5
10009,190.7854185999604,4,167.08446829998866,frame,104
10027,191.08541729999706,4,167.3844671000261,frame,2
10045,191.38540899998043,4,167.6844589000102,frame,10
10063,191.6854095000308,4,167.98445920005906,frame,3
10081,191.98534480005037,4,168.28439390007406,frame,106
10099,192.28534479998052,4,168.58439390000422,frame,5
10117,192.58388120005839,4,168.8829354000045,frame,4
10135,192.88388320000377,4,169.18293720006477,frame,2
10153,193.18371730006766,4,169.48276889999397,frame,110
10171,193.48389030003455,4,169.78294479998294,frame,3
10189,193.7838986000279,4,170.082952799974,frame,6
10207,194.08370169997215,4,170.38275420002174,frame,11
10225,194.38382690004073,4,170.68288049998228,frame,101
10243,194.6839128000429,4,170.982966999989,frame,8
10261,194.98396019998472,4,171.2830148000503,frame,5
10279,195.28389049996622,4,171.58294440002646,frame,4
10297,195.5853424000088,4,171.8843915000325,frame,102
10315,195.88389299996197,4,172.18294790002983,frame,11
10333,196.1838980000466,4,172.48295239999425,frame,1
10351,196.48539869999513,4,172.7844479000196,frame,8
10369,196.78547100001015,4,173.0845202000346,frame,110
10387,197.0855058999732,4,173.38455590000376,frame,3
10405,197.38391199999023,4,173.68296580004971,frame,6
10423,197.68391839996912,4,173.98297260003164,frame,5
10441,197.98539090005215,4,174.2844401000766,frame,104
10459,198.2854648999637,4,174.58451459999196,frame,2
10477,198.58547950000502,4,174.8845294000348,frame,10
10495,198.88541730004363,4,175.18446640006732,frame,3
10513,199.1854429000523,4,175.48449259996414,frame,106
10531,199.48550359997898,4,175.7845537000103,frame,12
10549,199.785469800001,4,176.08452010003384,frame,7
10567,200.08549369999673,4,176.3845439000288,frame,9
10585,200.38394850003533,4,176.68300259998068,frame,111
10603,200.68386810005177,4,176.98292270000093,frame,1
10621,200.98393109999597,4,177.2829848000547,frame,8
10639,201.2839483000571,4,177.58300230000168,frame,12
10657,201.58540650003124,4,177.8844557000557,frame,107
10675,201.88552720006555,4,178.18457749998197,frame,9
10693,202.1855213000672,4,178.48457129998133,frame,5
10711,202.4855335999746,4,178.78458360000513,frame,4
10729,202.78553830005694,4,179.08458839997184,frame,102
10747,203.08554670005105,4,179.38459679996595,frame,11
10765,203.38395230006427,4,179.68300600000657,frame,1
10783,203.68379150005057,4,179.9828435999807,frame,8
10801,203.98385019996203,4,180.28290450002532,frame,110
10819,204.28397460002452,4,180.58302879997063,frame,3
10837,204.5839720000513,4,180.88302609999664,frame,6
10855,204.8839594000019,4,181.18301390006673,frame,5
10873,205.18397290003486,4,181.4830269999802,frame,104
10891,205.4839741999749,4,181.78302860003896,frame,2
10909,205.7839754000306,4,182.08302919997368,frame,12
10927,206.0839743000688,4,182.3830283000134,frame,7
10945,206.3840205000015,4,182.68307460006326,frame,109
10963,206.68394030001946,4,182.98299449996557,frame,5
10981,206.98395759996492,4,183.2830122000305,frame,4
10999,207.28402570006438,4,183.58308650006074,frame,2
11017,207.58403270004783,4,183.8830869999947,frame,111
11035,207.88396919996012,4,184.1830233000219,frame,1
11053,208.18665799999144,4,184.48570790002123,frame,8
11071,208.48548370006029,4,184.78453339997213,frame,10
11089,208.78400029998738,4,185.0830545000499,frame,103
11107,209.08402790001128,4,185.38308220007457,frame,6
11125,209.38398210005835,4,185.68303580000065,frame,11
11143,209.68397650006227,4,185.9830309000099,frame,1
11161,209.98400539997965,4,186.28305960004218,frame,108
11179,210.28399899997748,4,186.58305310003925,frame,5
11197,210.5840046000667,4,186.88305890001357,frame,4
11215,210.88399660005234,4,187.18305089999922,frame,2
11233,211.18409320001956,4,187.48314719996415,frame,111
11251,211.48400619998574,4,187.7830603000475,frame,1
11269,211.7839946000604,4,188.0830483000027,frame,8
11287,212.0838191000512,4,188.38287139998283,frame,5
11305,212.38552020001225,4,188.6845694000367,frame,104
11323,212.68400730006397,4,188.98306190001313,frame,2
11341,212.98558720003348,4,189.2846373000648,frame,11
11359,213.2856035999721,4,189.58465380000416,frame,1
11377,213.5855951999547,4,189.88464519998524,frame,108
11395,213.8856364999665,4,190.1846869000001,frame,5
11413,214.18565770005807,4,190.48470829997677,frame,4
11431,214.48564990004525,4,190.78470030007884,frame,2
11449,214.7837215999607,4,191.0827730000019,frame,110
11467,215.08403240004554,4,191.38308609998785,frame,3
11485,215.3840186999878,4,191.68307280004956,frame,6
11503,215.6840288999956,4,191.98308250005357,frame,12
11521,215.9840922000585,4,192.28314600000158,frame,107
11539,216.28401439997833,4,192.58306880004238,frame,9
11557,216.58560670004226,4,192.88465710007586,frame,11
11575,216.88549650006462,4,193.1845455999719,frame,1
11593,217.18550220003817,4,193.48455130006187,frame,108
11611,217.48560070001986,4,193.78465080005117,frame,12
11629,217.7855687000556,4,194.0846184999682,frame,7
11647,218.0856035000179,4,194.38465340004768,frame,9
11665,218.38562960003037,4,194.68467960006092,frame,105
11683,218.68560980004258,4,194.9846599000739,frame,4
11701,218.98560540005565,4,195.28465519996826,frame,2
11719,219.28561540006194,4,195.58466539997607,frame,10
11737,219.58563370001502,4,195.88468370004557,frame,103
11755,219.88559049996547,4,196.18464069999754,frame,6
11773,220.18559520004783,4,196.48464520007838,frame,5
11791,220.4856301000109,4,196.78468010004144,frame,4
11809,220.78564430004917,4,197.08469439996406,frame,102
11827,221.08562839997467,4,197.38467830000445,frame,10
11845,221.3856548999902,4,197.68470520002302,frame,3
11863,221.6857187000569,4,197.9847689999733,frame,6
11881,221.9857006999664,4,198.2847511,frame,111
11899,222.28570280002896,4,198.5847531000618,frame,1
11917,222.58572159998585,4,198.8847721000202,frame,8
11935,222.8837817000458,4,199.18283249996603,frame,12
11953,223.18377889995463,4,199.4828295999905,frame,107
11971,223.48406310006976,4,199.7831172000151,frame,9
11989,223.78407409996726,4,200.08312830002978,frame,11
12007,224.08558790001553,4,200.38463710003998,frame,1
12025,224.38554809999187,4,200.6845971000148,frame,108
12043,224.68560009996872,4,200.9846499999985,frame,10
12061,224.9856151000131,4,201.2846652000444,frame,3
12079,225.28565860004164,4,201.58470890007447,frame,6
12097,225.58571899996605,4,201.88476929999888,frame,111
12115,225.88571259996388,4,202.18476279999595,frame,1
12133,226.18408859998453,4,202.48314250004478,frame,8
12151,226.4841015000129,4,202.78315560007468,frame,5
12169,226.7841118000215,4,203.08316569996532,frame,104
12187,227.08409989997745,4,203.38315420004074,frame,2
12205,227.38409870001487,4,203.68315250007436,frame,10
12223,227.68411220004782,4,203.9831659999909,frame,3
12241,227.9841120999772,4,204.28316680004355,frame,106
12259,228.28394160000607,4,204.58299420005642,frame,12
12277,228.58548250002787,4,204.88453190005384,frame,7
12295,228.88411450001877,4,205.183168400079,frame,9
12313,229.18558349995874,4,205.48463249998167,frame,110
12331,229.48565110005438,4,205.7847005999647,frame,3
12349,229.78563840000425,4,206.08468830003403,frame,6
12367,230.08569460001308,4,206.38474490004592,frame,5
12385,230.38570340001024,4,206.6847536000423,frame,104
12403,230.68567679997068,4,206.9847271000035,frame,2
12421,230.98571709997486,4,207.28476720000617,frame,10
12439,231.28573720005807,4,207.58478739997372,frame,3
12457,231.58576320006978,4,207.88481379998848,frame,106
12475,231.88412539998535,4,208.1831798000494,frame,11
12493,232.18565130000934,4,208.4847010000376,frame,1
12511,232.48556920001283,4,208.7846184000373,frame,8
12529,232.78373859997373,4,209.08278810000047,frame,112
12547,233.08566550002433,4,209.3847147000488,frame,7
12565,233.39119880006183,4,209.69024779996835,frame,9
12583,233.68559750006534,4,209.98464649997186,frame,5
12601,233.98562649998348,4,210.28467560000718,frame,104
12619,234.28565309999976,4,210.58470250002574,frame,2
12637,234.585689599975,4,210.88473930000328,frame,10
12655,234.8839191000443,4,211.18297059996985,frame,3
12673,235.18390699999873,4,211.48295880004298,frame,106
12691,235.48415220004972,4,211.78320609999355,frame,5
12709,235.7841518999776,4,212.0832064000424,frame,4
12727,236.08413299999665,4,212.38318720005918,frame,2
12745,236.38417089998256,4,212.68322530004662,frame,110
12763,236.68415540002752,4,212.98320999997668,frame,3
12781,236.98416019999422,4,213.28321410005447,frame,6
12799,237.28416110004764,4,213.583215199993,frame,11
12817,237.58564299996942,4,213.88469209999312,frame,101
12835,237.88565940002445,4,214.18470930005424,frame,8
12853,238.18422749999445,4,214.48331510007847,frame,5
12871,238.48576630000025,4,214.78481650003232,frame,4
12889,238.78389930003323,4,215.08294990006834,frame,102
12907,239.08417950000148,4,215.38323380006477,frame,12
12925,239.38417590002064,4,215.68322960007936,frame,7
12943,239.68417829996906,4,215.9832325000316,frame,9
12961,239.9854790000245,4,216.284528600052,frame,111
12979,240.2858137000585,4,216.58486459997948,frame,1
12997,240.58586200000718,4,216.88491280004382,frame,8
13015,240.88391610002145,4,217.1829674000619,frame,12
13033,241.18418790004216,4,217.48324159998447,frame,107
13051,241.4857072000159,4,217.78475670004264,frame,9
13069,241.78573909995612,4,218.0847889999859,frame,11
13087,242.0857488999609,4,218.3847984999884,frame,1
13105,242.3857514000265,4,218.68480130005628,frame,108
13123,242.685746400035,4,218.98479610006325,frame,5
13141,242.98572750005405,4,219.2847771999659,frame,4
13159,243.28570080001373,4,219.58475080004428,frame,2
13177,243.58573319995776,4,219.88478309998754,frame,112
13195,243.88571940001566,4,220.18476910004392,frame,7
13213,244.18426120001823,4,220.48331530008,frame,9
13231,244.48559940000996,4,220.78464870003518,frame,5
13249,244.78569449996576,4,221.0847436999902,frame,104
13267,245.08575990004465,4,221.38480970007367,frame,2
13285,245.38575829996262,4,221.68480809999164,frame,11
13303,245.68574700003956,4,221.98479670006782,frame,1
13321,245.9857447000686,4,222.28479449998122,frame,108
13339,246.28574129997287,4,222.58479120000266,frame,12
13357,246.58576050004922,4,222.88481079996563,frame,7
13375,246.88575080002192,4,223.18480060005095,frame,9
13393,247.18404249998275,4,223.4830946000293,frame,111
13411,247.48577520006802,4,223.78482499998063,frame,1
13429,247.78575739997905,4,224.08480720000807,frame,8
13447,248.08578530000523,4,224.3848355000373,frame,5
13465,248.38575430004857,4,224.68480390007608,frame,104
13483,248.68577730003744,4,224.98482710006647,frame,2
13501,248.98578069999348,4,225.28483030002099,frame,12
13519,249.28578919998836,4,225.58483890001662,frame,7
13537,249.5857166000642,4,225.88476599997375,frame,109
13555,249.8857369000325,4,226.18478640005924,frame,5
13573,250.1857616000343,4,226.4848115000641,frame,4
13591,250.484000400058,4,226.7830522999866,frame,2
13609,250.7840454999823,4,227.08309780003037,frame,112
13627,251.08590629999526,4,227.38495690003037,frame,7
13645,251.38424990000203,4,227.68330380006228,frame,9
13663,251.6842560999794,4,227.98331020004116,frame,10
13681,251.984350200044,4,228.28340479999315,frame,103
13699,252.2842541000573,4,228.58330820000265,frame,6
13717,252.58427810005378,4,228.88333219999913,frame,5
13735,252.8842580000637,4,229.18331160000525,frame,4
13753,253.18407770001795,4,229.4831298000645,frame,102
13771,253.4842886000406,4,229.7833422999829,frame,12
13789,253.7842736999737,4,230.08332770003472,frame,7
13807,254.08432110003196,4,230.38337579998188,frame,9
13825,254.38428300002124,4,230.6833366000792,frame,111
13843,254.68577179999556,4,230.9848213000223,frame,1
13861,254.985641199979,4,231.28469070000574,frame,8
13879,255.28410230006557,4,231.5831543999957,frame,12
13897,255.58411309996154,4,231.88316520000808,frame,107
13915,255.8842955,4,232.183349500061,frame,9
13933,256.18423740006983,4,232.48329140001442,frame,5
13951,256.4842989000026,4,232.78335280006286,frame,4
13969,256.7840891999658,4,233.08313949999865,frame,102
13987,257.0843424999621,4,233.38339650002308,frame,11
14005,257.3842799999984,4,233.68333370005712,frame,1
14023,257.68425279995427,4,233.98330660001375,frame,8
14041,257.98430500004906,4,234.28335899999365,frame,110
14059,258.2843312000623,4,234.5833844000008,frame,3
14077,258.5841734999558,4,234.8832309000427,frame,6
14095,258.88597239996307,4,235.1850231999997,frame,5
14113,259.1839759000577,4,235.48302669997793,frame,104
14131,259.4857653999934,4,235.7848145000171,frame,2
14149,259.78578719997313,4,236.0848365999991,frame,11
14167,260.0857964999741,4,236.38484590000007,frame,1
14185,260.38581650005654,4,236.68486569996458,frame,108
14203,260.68429110001307,4,236.9833450000733,frame,12
14221,260.9858543999726,4,237.28490420000162,frame,7
14239,261.2858656999888,4,237.58491550001781,frame,9
14257,261.5858641000232,4,237.88491400005296,frame,110
14275,261.8858487000689,4,238.18489829997998,frame,3
14293,262.18593230005354,4,238.48498259996995,frame,6
14311,262.48593580001034,4,238.78498620004393,frame,5
14329,262.7859543999657,4,239.08500469999854,frame,104
14347,263.08594929997344,4,239.38499960000627,frame,2
14365,263.3859432999743,4,239.6849937000079,frame,12
14383,263.68593899998814,4,239.98498910001945,frame,7
14401,263.98412749997806,4,240.28317950002383,frame,109
14419,264.28432980005164,4,240.58338369999547,frame,11
14437,264.5843494000146,4,240.88340360007714,frame,1
14455,264.8843744000187,4,241.18342800007667,frame,8
14473,265.184352900018,4,241.48340680007823,frame,112
14491,265.4858064999571,4,241.78485579998232,frame,7
14509,265.7843795999652,4,242.08343420003075,frame,9
14527,266.08582919999026,4,242.38487810001243,frame,11
14545,266.3840873000445,4,242.68313849996775,frame,101
14563,266.6843969000038,4,242.98345100006554,frame,8
14581,266.98437119997106,4,243.28342520003207,frame,10
14599,267.28436489996966,4,243.58341900003143,frame,3
14617,267.58442950004246,4,243.883483099984,frame,106
14635,267.8843826999655,4,244.18343710002955,frame,11
14653,268.1858922999818,4,244.48494180000853,frame,1
14671,268.48589540005196,4,244.78494510008022,frame,8
14689,268.7859012000263,4,245.0849510000553,frame,110
14707,269.08591000002343,4,245.3849597000517,frame,3
14725,269.38591189996805,4,245.6849615999963,frame,6
14743,269.6858930999879,4,245.9849429000169,frame,5
14761,269.9859027999919,4,246.28495260002092,frame,104
14779,270.285915400018,4,246.5849650000455,frame,2
14797,270.5859072000021,4,246.88495700003114,frame,11
14815,270.8858443000354,4,247.18489330005832,frame,1
14833,271.18587839999236,4,247.48492770001758,frame,108
14851,271.4858800000511,4,247.7849296000786,frame,5
14869,271.7859922000207,4,248.08504250005353,frame,4
14887,272.0843176000053,4,248.38337040005717,frame,2
14905,272.3843007000396,4,248.68335359997582,frame,110
14923,272.6843875000486,4,248.98344209999777,frame,3
14941,272.98594360006973,4,249.2849937999854,frame,6
14959,273.28596849995665,4,249.5850184999872,frame,12
14977,273.585969000007,4,249.8850192000391,frame,107
14995,273.88592120003887,4,250.18497110006865,frame,9
15013,274.18593739997596,4,250.48498730000574,frame,10
15031,274.4858841999667,4,250.78493339999113,frame,3
15049,274.7858848000178,4,251.08493410004303,frame,106
15067,275.0844391999999,4,251.38349380006548,frame,12
15085,275.38432700000703,4,251.68338220007718,frame,7
15103,275.6844071999658,4,251.98346160002984,frame,9
15121,275.98441889998503,4,252.28347280004527,frame,105
15139,276.28632319997996,4,252.58537280000746,frame,4
15157,276.58589860005304,4,252.88494790007826,frame,2
15175,276.885878500063,4,253.184927699971,frame,12
15193,277.18590220005717,4,253.4849516999675,frame,107
15211,277.4859001999721,4,253.7849494999973,frame,9
15229,277.7859091999708,4,254.084958499996,frame,11
15247,278.0859256000258,4,254.38497500005178,frame,1
15265,278.3859298999887,4,254.68497910001315,frame,108
15283,278.68591420003213,4,254.98496350005735,frame,12
15301,278.9859303999692,4,255.2849797999952,frame,7
15319,279.2859375999542,4,255.58498709998094,frame,9
15337,279.58593299996573,4,255.88498259999324,frame,110
15355,279.8859940000111,4,256.18504350003786,frame,3
15373,280.1859795000637,4,256.48502919997554,frame,6
15391,280.4860207999591,4,256.7850707999896,frame,12
15409,280.78604949999135,4,257.0850997000234,frame,107
15427,281.0860311000142,4,257.385081000044,frame,9
15445,281.3860313000623,4,257.68508129997645,frame,5
15463,281.68604499998037,4,257.98509540001396,frame,4
15481,281.9860482000513,4,258.2850979999639,frame,102
15499,282.285961400019,4,258.58501090004575,frame,10
15517,282.58442119997926,4,258.883475300041,frame,3
15535,282.8844445999712,4,259.1834985000314,frame,6
15553,283.18446240003686,4,259.48351609997917,frame,111
15571,283.48447829997167,4,259.78353210003115,frame,1
15589,283.7844621000113,4,260.08351600007154,frame,8
15607,284.08451069996227,4,260.3835646000225,frame,12
15625,284.3844702000497,4,260.6835243999958,frame,107
15643,284.6844702999806,4,260.9835246000439,frame,9
15661,284.9844610999571,4,261.28351480001584,frame,5
15679,285.28447179996874,4,261.583525700029,frame,4
15697,285.58435699995607,4,261.88340920000337,frame,102
15715,285.8844826000277,4,262.1835364999715,frame,11
15733,286.1844765000278,4,262.48353119997773,frame,1
15751,286.484476899961,4,262.7835304000182,frame,8
15769,286.78450049995445,4,263.08355400001165,frame,112
15787,287.08452939998824,4,263.3835833000485,frame,7
15805,287.38447859999724,4,263.6835329000605,frame,9
15823,287.6845233000349,4,263.9835820000153,frame,11
15841,287.9843016000232,4,264.28335330006666,frame,101
15859,288.28443300002255,4,264.5834867999656,frame,8
15877,288.5845587999793,4,264.88361959997565,frame,12
15895,288.8845128000248,4,265.1835670999717,frame,7
15913,289.1845129999565,4,265.48356690001674,frame,109
15931,289.484485700028,4,265.78354009997565,frame,10
15949,289.78449660004117,4,266.08355089998804,frame,3
15967,290.08449729997665,4,266.38355130003765,frame,6
15985,290.3845181000652,4,266.6835725000128,frame,112
16003,290.686075399979,4,266.9851253000088,frame,7
16021,290.9844937999733,4,267.28354790003505,frame,9
16039,291.2860057000071,4,267.5850552000338,frame,5
16057,291.58601420000196,4,267.885064000031,frame,104
16075,291.8845348999603,4,268.1835961000761,frame,2
16093,292.18451000005007,4,268.4835640999954,frame,12
16111,292.4858576999977,4,268.7849069000222,frame,7
16129,292.7845178999705,4,269.0835722000338,frame,109
16147,293.08452320005745,4,269.3835773000028,frame,11
16165,293.39541520003695,4,269.6944644000614,frame,1
16183,293.6859840999823,4,269.9850335000083,frame,8
16201,293.98603689996526,4,270.28508679999504,frame,105
16219,294.28602979995776,4,270.5850795999868,frame,4
16237,294.58604219998233,4,270.88509200001135,frame,2
16255,294.88600349996705,4,271.1850529999938,frame,12
16273,295.18605490005575,4,271.4851043999661,frame,107
16291,295.4845352000557,4,271.78358930000104,frame,9
16309,295.78453750000335,4,272.0835919000674,frame,10
16327,296.08601940004155,4,272.3850689000683,frame,3
16345,296.3860238000052,4,272.6850734000327,frame,106
16363,296.686083800043,4,272.9851338000735,frame,11
16381,296.98606490006205,4,273.28511499997694,frame,1
16399,297.28425370005425,4,273.583304699976,frame,8
16417,297.58427640004084,4,273.88332750007976,frame,105
16435,297.8845408000052,4,274.1835945000639,frame,4
16453,298.1860264999559,4,274.48507579998113,frame,2
16471,298.4860017000465,4,274.78505080007017,frame,11
16489,298.7859976000618,4,275.0850466999691,frame,101
16507,299.086002200027,4,275.3850513000507,frame,8
16525,299.386060000048,4,275.6851096000755,frame,5
16543,299.68607020005584,4,275.9851198999677,frame,4
16561,299.9860380999744,4,276.2850877000019,frame,102
16579,300.2860580000561,4,276.5851077999687,frame,10
16597,300.5860519000562,4,276.8851013999665,frame,3
16615,300.8860733000329,4,277.1851231000619,frame,6
16633,301.1860764999874,4,277.48512620001566,frame,105
16651,301.48608239996247,4,277.78513209999073,frame,4
16669,301.78607120004017,4,278.08512080006767,frame,2
16687,302.08609830006026,4,278.38514789997134,frame,11
16705,302.38451989996247,4,278.6835726000136,frame,101
16723,302.68458250002004,4,278.98363649996463,frame,8
16741,302.9845879999921,4,279.28364230005536,frame,5
16759,303.2845736000454,4,279.58362749998923,frame,4
16777,303.5846400000155,4,279.88369440007955,frame,102
16795,303.8845783000579,4,280.18363240000326,frame,10
16813,304.18460679997224,4,280.48366080003325,frame,3
16831,304.4846078000264,4,280.7836622999748,frame,6
16849,304.78463530004956,4,281.0836893999949,frame,112
16867,305.0846115000313,4,281.3836656999774,frame,7
16885,305.3846207000315,4,281.6836828000378,frame,9
16903,305.6846224999754,4,281.9836765000364,frame,5
16921,305.9860154000344,4,282.28506460005883,frame,104
16939,306.2846094999695,4,282.58366370003205,frame,2
16957,306.5845807000296,4,282.8836346999742,frame,12
16975,306.88460019999184,4,283.1836540000513,frame,7
16993,307.1846457000356,4,283.48369959997945,frame,109
17011,307.48464989999775,4,283.78370470006485,frame,11
17029,307.7846344000427,4,284.08368849998806,frame,1
17047,308.08434910001233,4,284.383400300052,frame,8
17065,308.3861209000461,4,284.68517030007206,frame,112
17083,308.68601299996953,4,284.985062199994,frame,7
17101,308.9846431000624,4,285.2837046000641,frame,9
17119,309.2846174000297,4,285.58367089997046,frame,10
17137,309.5861077000154,4,285.88515700004064,frame,103
17155,309.88624749996234,4,286.18529779999517,frame,6
17173,310.18461900006514,4,286.48367300000973,frame,11
17191,310.48461990000214,4,286.7836743000662,frame,1
17209,310.78468449995853,4,287.083738300018,frame,108
17227,311.08464500005357,4,287.3836991999997,frame,5
17245,311.38463069999125,4,287.68368520005606,frame,4
17263,311.68462409998756,4,287.9836785000516,frame,2
17281,311.98612899996806,4,288.2851781999925,frame,112
17299,312.2860808999976,4,288.5851300000213,frame,7
17317,312.586098000058,4,288.88514759996906,frame,9
17335,312.88597970001865,4,289.18502880004235,frame,5
17353,313.18610709998757,4,289.4851566000143,frame,104
17371,313.48609330004547,4,289.7851425000699,frame,2
17389,313.7860914999619,4,290.08514079998713,frame,10
17407,314.0861165999668,4,290.38516599999275,frame,3
17425,314.3861101999646,4,290.68515969999135,frame,106
17443,314.68627020006534,4,290.98532079998404,frame,5
17461,314.98609180003405,4,291.2851410000585,frame,4
17479,315.2861029000487,4,291.58515190007165,frame,2
17497,315.5861353999935,4,291.88518460001796,frame,112
17515,315.88637660001405,4,292.1854276000522,frame,7
17533,316.18466500006616,4,292.48371850000694,frame,9
17551,316.4861217000289,4,292.7851708000526,frame,10
17569,316.7844512000447,4,293.08350150007755,frame,103
17587,317.0861225000117,4,293.3851718000369,frame,6
17605,317.38457610004116,4,293.6836291999789,frame,12
17623,317.6846678999718,4,293.9837223000359,frame,7
17641,317.9846823000116,4,294.2837364000734,frame,109
17659,318.28466330002993,4,294.5837173999753,frame,5
17677,318.58467060001567,4,294.8837243000744,frame,4
17695,318.88468320004176,4,295.18373689998407,frame,2
17713,319.18474519997835,4,295.4837993000401,frame,110
17731,319.4862278000219,4,295.78527700004634,frame,3
17749,319.78470720001496,4,296.0837611000752,frame,6
17767,320.0846979999915,4,296.3837520000525,frame,11
17785,320.3846926999977,4,296.6837464000564,frame,101
17803,320.6861862000078,4,296.985235500033,frame,8
17821,320.9846896000672,4,297.28374370001256,frame,12
17839,321.28465419996064,4,297.5837083000224,frame,7
17857,321.5861777999671,4,297.8852269999916,frame,109
17875,321.8861542000668,4,298.1852034999756,frame,5
17893,322.18606600002386,4,298.48511540004984,frame,4
17911,322.4860459000338,4,298.785095200059,frame,2
17929,322.7861217999598,4,299.08517099998426,frame,112
17947,323.0860946000321,4,299.3851437000558,frame,7
17965,323.38631840003654,4,299.6853691000724,frame,9
17983,323.6862770000007,4,299.9853276000358,frame,10
18001,323.9863203000277,4,300.2853707000613,frame,103
18019,324.28449170000385,4,300.58354370004963,frame,6
18037,324.5861966999946,4,300.88524600001983,frame,12
18055,324.8861693000654,4,301.1852185999742,frame,7
18073,325.1861830999842,4,301.48523230000865,frame,109
18091,325.4861965000164,4,301.7852458000416,frame,11
18109,325.78618840000127,4,302.0852376000257,frame,1
18127,326.08622219995596,4,302.3852716999827,frame,8
18145,326.38622059999034,4,302.6852701000171,frame,110
18163,326.68619769997895,4,302.9852471000049,frame,3
18181,326.9847201000666,4,303.2837741000112,frame,6
18199,327.2847381000174,4,303.5837921000784,frame,12
18217,327.58480309997685,4,303.8838573000394,frame,107
18235,327.88473759999033,4,304.18379130004905,frame,9
18253,328.1847559000598,4,304.4838099000044,frame,5
18271,328.48473919997923,4,304.78379320004024,frame,4
18289,328.784501099959,4,305.08355300000403,frame,102
18307,329.08475140004884,4,305.38380539999343,frame,12
18325,329.3847383999964,4,305.6837922000559,frame,7
18343,329.6847123999614,4,305.9837665000232,frame,9
18361,329.984762600041,4,306.28381689998787,frame,105
18379,330.2847392000258,4,306.5837928999681,frame,4
18397,330.5847606000025,4,306.8838154000696,frame,2
18415,330.88475460000336,4,307.1838083000621,frame,12
18433,331.18623650004156,4,307.48528560006525,frame,107
18451,331.486371899955,4,307.7854224999901,frame,9
18469,331.78480220003985,4,308.08385639998596,frame,10
18487,332.0844671999803,4,308.3835185000207,frame,3
18505,332.38452249998227,4,308.68357450002804,frame,106
18523,332.6847628999967,4,308.9838165000547,frame,11
18541,332.9847662000684,4,309.28382030001376,frame,1
18559,333.2847734000534,4,309.5838270999957,frame,8
18577,333.5848416000372,4,309.88389559998177,frame,105
18595,333.8848036000272,4,310.1838657000335,frame,4
18613,334.18476800003555,4,310.4838222999824,frame,2
18631,334.48458240006585,4,310.78363449999597,frame,10
18649,334.7846125999931,4,311.08366470003966,frame,103
18667,335.0862399999751,4,311.38528940000106,frame,6
18685,335.38626020005904,4,311.68530949996784,frame,11
18703,335.68627399997786,4,311.9853233000031,frame,1
18721,335.9862672999734,4,312.28531649999786,frame,108
18739,336.28627280006185,4,312.58532209997065,frame,12
18757,336.586332899984,4,312.885382700013,frame,7
18775,336.8846075000474,4,313.18365989997983,frame,9
18793,337.18625589995645,4,313.48530499998014,frame,110
18811,337.4862506999634,4,313.7853000999894,frame,3
18829,337.78641299996525,4,314.0854634999996,frame,6
18847,338.0848147000652,4,314.383868600009,frame,5
18865,338.3848098999588,4,314.68386370001826,frame,104
18883,338.6847536000423,4,314.98380799998995,frame,2
18901,338.9848208000185,4,315.28387470007874,frame,11
18919,339.2845510999905,4,315.5836022000294,frame,1
18937,339.58627660002094,4,315.88532590004615,frame,108
18955,339.88482060004026,4,316.1838739999803,frame,12
18973,340.1848132000305,4,316.48386779997963,frame,7
18991,340.4863344000187,4,316.78538380004466,frame,9
19009,340.78633150004316,4,317.0853813000722,frame,105
19027,341.0848296000622,4,317.3838833000045,frame,4
19045,341.3847787999548,4,317.6838326000143,frame,2
19063,341.68482770002447,4,317.9838813999668,frame,12
19081,341.98487449996173,4,318.28392900002655,frame,107
19099,342.2848076999653,4,318.5838617000263,frame,9
19117,342.5848558000289,4,318.8839097999735,frame,11
19135,342.8848358000396,4,319.183890299988,frame,1
19153,343.1846555999946,4,319.48370790004265,frame,108
19171,343.48636760003865,4,319.78541750006843,frame,12
19189,343.78484249999747,4,320.0838965000585,frame,7
19207,344.08467350003775,4,320.3837259999709,frame,9
19225,344.38466229999904,4,320.6837146000471,frame,110
19243,344.68483549996745,4,320.98388930002693,frame,3
19261,344.98632390005514,4,321.28537319996394,frame,6
19279,345.28478019998875,4,321.5838330000406,frame,5
19297,345.5848074000096,4,321.8838606000645,frame,104
19315,345.88485320005566,4,322.18390770000406,frame,2
19333,346.18485620000865,4,322.48391070007347,frame,12
19351,346.484856700059,4,322.7839110000059,frame,7
19369,346.7848619000288,4,323.08391649997793,frame,109
19387,347.0848616999574,4,323.38391530001536,frame,5
19405,347.38485629996285,4,323.6839102000231,frame,4
19423,347.68486170005053,4,323.98391559999436,frame,2
19441,347.9848664000165,4,324.2839201000752,frame,111
19459,348.2848663000623,4,324.58391980000306,frame,1
19477,348.58489419997204,4,324.8839483000338,frame,8
19495,348.8848308000015,4,325.18388500006404,frame,10
19513,349.18631899997126,4,325.4853681999957,frame,103
19531,349.4863066000398,4,325.7853557000635,frame,6
19549,349.7864285999676,4,326.08547869999893,frame,12
19567,350.0864385999739,4,326.3854885000037,frame,7
19585,350.38469440001063,4,326.68374650005717,frame,109
19603,350.6863496999722,4,326.98539919999894,frame,11
19621,350.98634399997536,4,327.2853933000006,frame,1
19639,351.2863228999777,4,327.5853725000052,frame,8
19657,351.58637849998195,4,327.8854280000087,frame,105
19675,351.88636030000634,4,328.18540960003156,frame,4
19693,352.186377700069,4,328.4854271999793,frame,2
19711,352.48633420001715,4,328.78538330004085,frame,11
19729,352.7845751000568,4,329.0836244999664,frame,101
19747,353.0846289000474,4,329.38368009997066,frame,8
19765,353.39570320001803,4,329.69475220004097,frame,12
19783,353.68636020005215,4,329.9854094000766,frame,7
19801,353.9863730999641,4,330.28542229998857,frame,109
19819,354.28459599998314,4,330.58364710002206,frame,11
19837,354.5849100999767,4,330.88396480004303,frame,1
19855,354.88490780000575,4,331.18396150006447,frame,8
19873,355.1864783000201,4,331.4855284000514,frame,105
19891,355.4864509999752,4,331.78550080000423,frame,4
19909,355.7864651000127,4,332.0855150000425,frame,2
19927,356.08645820000675,4,332.38550810003653,frame,12
19945,356.3864091000287,4,332.68545850005466,frame,107
19963,356.68486859998666,4,332.98392260004766,frame,9
19981,356.9863669000333,4,333.285416000057,frame,5
19999,357.28638119995594,4,333.5854303999804,frame,4
20017,357.5864249999868,4,333.88547410001047,frame,102
20035,357.88655219995417,4,334.18560289999004,frame,10
20053,358.18491439998616,4,334.4839685000479,frame,3
20071,358.48492540000007,4,334.783979000058,frame,6
20089,358.7849381000269,4,335.0839921999723,frame,112
20107,359.08492439996917,4,335.3839784000302,frame,7
20125,359.3849242000142,4,335.683978300076,frame,9
20143,359.6848971999716,4,335.9839512000326,frame,5
20161,359.98495569999795,4,336.28400950005744,frame,104
20179,360.2849423000589,4,336.5839966000058,frame,2
20197,360.5849856999703,4,336.8840402000351,frame,11
20215,360.88663039996754,4,337.18568130000494,frame,1
20233,361.1848963999655,4,337.4839494000189,frame,108
20251,361.4849431000184,4,337.7839969000779,frame,12
20269,361.78495120001025,4,338.08400520007126,frame,7
20287,362.08496480004396,4,338.38401929999236,frame,9
20305,362.384999300004,4,338.6840536000673,frame,110
20323,362.68495380005334,4,338.98400820000097,frame,3
20341,362.9864537999965,4,339.285503400024,frame,6
20359,363.2846375000663,4,339.58368829998653,frame,11
20377,363.58477650000714,4,339.8838290000567,frame,101
20395,363.88639810006134,4,340.1854472999694,frame,8
20413,364.18496129999403,4,340.4840161000611,frame,5
20431,364.4849577000132,4,340.7840116000734,frame,4
20449,364.7864774999907,4,341.0855267000152,frame,102
20467,365.0864385999739,4,341.38548810000066,frame,11
20485,365.3866183999926,4,341.6856690000277,frame,1
20503,365.68491830001585,4,341.9839720000746,frame,8
20521,365.98498730000574,4,342.28404150006827,frame,110
20539,366.2850168000441,4,342.5840705999872,frame,3
20557,366.5850200999994,4,342.8840744000627,frame,6
20575,366.88499319995753,4,343.1840471000178,frame,12
20593,367.1848073999863,4,343.4838597000344,frame,107
20611,367.4849915000377,4,343.7840454999823,frame,9
20629,367.78499209997244,4,344.08404610003345,frame,10
20647,368.08479770005215,4,344.38384989998303,frame,3
20665,368.38481540000066,4,344.68386760004796,frame,106
20683,368.6849982000422,4,344.98405219998676,frame,11
20701,368.9849821999669,4,345.28403590002563,frame,1
20719,369.2849976000143,4,345.5840522000799,frame,8
20737,369.5850411000429,4,345.8840947999852,frame,110
20755,369.8849573000334,4,346.184011299978,frame,3
20773,370.18499640002847,4,346.4840507999761,frame,6
20791,370.4848153999774,4,346.78386770002544,frame,12
20809,370.7849624999799,4,347.0840159000363,frame,107
20827,371.0849433999974,4,347.38399760005996,frame,9
20845,371.3850019000238,4,347.6840563999722,frame,11
20863,371.6864949000301,4,347.98554410005454,frame,1
20881,371.9864022000693,4,348.28545159997884,frame,108
20899,372.286579699954,4,348.5856288999785,frame,5
20917,372.5863496999955,4,348.88539910002146,frame,4
20935,372.8850247999653,4,349.1840786000248,frame,2
20953,373.18651819997467,4,349.4855674999999,frame,111
20971,373.48651770001743,4,349.7855887999758,frame,1
20989,373.78502700000536,4,350.0840814000694,frame,8
21007,374.08515569998417,4,350.38421000004746,frame,10
21025,374.3850339000346,4,350.6840878999792,frame,103
21043,374.68502390000504,4,350.9840782000683,frame,6
21061,374.9850995000452,4,351.284153399989,frame,12
21079,375.28503140003886,4,351.5840852999827,frame,7
21097,375.58513200003654,4,351.88419300003443,frame,109
21115,375.8850271999836,4,352.1840812000446,frame,5
21133,376.18504150002263,4,352.4840954999672,frame,4
21151,376.4850305999862,4,352.78408480004873,frame,2
21169,376.7866833000444,4,353.08573250006884,frame,111
21187,377.0864754000213,4,353.38552460004576,frame,1
21205,377.38652429997455,4,353.685573499999,frame,8
21223,377.6865269000409,4,353.9855761000654,frame,12
21241,377.9865040000295,4,354.2855534000555,frame,107
21259,378.28667870000936,4,354.5857292000437,frame,9
21277,378.58666050003376,4,354.88571090006735,frame,11
21295,378.88478520000353,4,355.183836500044,frame,1
21313,379.184886300005,4,355.4839388000546,frame,108
21331,379.4850197000196,4,355.78407360007986,frame,10
21349,379.7850540999789,4,356.0841081000399,frame,3
21367,380.0850972000044,4,356.3841514000669,frame,6
21385,380.3852268999908,4,356.68428699998185,frame,111
21403,380.6850647999672,4,356.9841183000244,frame,1
21421,380.9865402999567,4,357.2855895999819,frame,8
21439,381.2865812999662,4,357.58563099999446,frame,10
21457,381.586562099983,4,357.88561200001277,frame,103
21475,381.88661130005494,4,358.18566109996755,frame,6
21493,382.18658450001385,4,358.48563410004135,frame,11
21511,382.4850729999598,4,358.78412720002234,frame,1
21529,382.78488309995737,4,359.08393510000315,frame,108
21547,383.08511510002427,4,359.3841687999666,frame,5
21565,383.3850444999989,4,359.68409870006144,frame,4
21583,383.6864427999826,4,359.98549180000555,frame,2
